$VAR1 = [
          0,
          2147483648,
          4192457958,
          2518781713,
          2666259851,
          2600254414,
          2511426053,
          1215504318,
          110441525,
          1345350578,
          1021182527,
          858038881,
          2219016462,
          527283152,
          623459401,
          722770514,
          619034816,
          4207914762,
          892822220,
          2862122738,
          3321098850,
          3686126778,
          836736280,
          409921800,
          1379598390,
          1930344933,
          4264296024,
          3465337833,
          1424871345,
          27436614,
          898593613,
          2674328760,
          1013176915,
          3330644599,
          3802176218,
          653994873,
          2904756987,
          7171368,
          2593912557,
          4026553489,
          811279758,
          1908563860,
          2306425078,
          1332769419,
          3057393683,
          1851522087,
          2564473235,
          1770363131,
          4273906791,
          2443645217,
          3090418746,
          1980339994,
          3750198237,
          1058809629,
          2938633683,
          2543846803,
          2813502779,
          725435576,
          3462537089,
          2065190956,
          1416037204,
          2485463736,
          2035137744,
          3155017169,
          2864833467,
          871952988,
          3591534019,
          3822166821,
          1135623740,
          204913938,
          867767263,
          3941826297,
          3791035021,
          2089593221,
          2830502383,
          3874054390,
          1060350866,
          1201889805,
          1132679974,
          136523173,
          2128698699,
          465163922,
          1487101367,
          2138103468,
          2067553071,
          791979595,
          4079530630,
          4116426782,
          3432921823,
          3770064928,
          284335778,
          2639146534,
          1602147247,
          1689303719,
          2601122087,
          743418409,
          1377359024,
          3817341877,
          3826285347,
          1923329864,
          4194607682,
          122442111,
          960089560,
          1001639077,
          2053510375,
          3797130428,
          2804500085,
          2516639926,
          2079797415,
          937622191,
          1471954741,
          591068692,
          2684144978,
          2469132182,
          3039038309,
          1636440574,
          2061607401,
          2859081374,
          114429729,
          1659244504,
          3623490748,
          356860152,
          2318956283,
          4037195556,
          995936677,
          1240132772,
          4247004693,
          389210978,
          4188387881,
          1773611967,
          3826149297,
          2235975504,
          730185832,
          365853990,
          2552806263,
          1194270869,
          4142375706,
          2042529651,
          476065975,
          162268100,
          3508236883,
          1443841768,
          181713793,
          862933105,
          346503343,
          647735941,
          1084538281,
          892672272,
          3709971727,
          870603651,
          3036627228,
          4058104239,
          3757375997,
          217286661,
          3660828369,
          1378307126,
          3488651581,
          1139280145,
          3887055867,
          3895213613,
          917694719,
          1555319602,
          3307960810,
          3235956477,
          5052730,
          3831885309,
          4126616603,
          3723381252,
          1253341278,
          3534404591,
          3393576687,
          4104560434,
          1682462946,
          3649414017,
          867623938,
          327477143,
          1080947267,
          4017028472,
          2491207593,
          3454922279,
          1295626088,
          1068450697,
          2679170460,
          2154558604,
          1663828659,
          614535845,
          2855037293,
          1157432528,
          1229402208,
          1990630337,
          1780267466,
          438696871,
          2583826203,
          2834055174,
          3592421169,
          2483041875,
          3174468170,
          88814364,
          4160799658,
          1740237934,
          1723299154,
          2401335631,
          4127580986,
          3101185065,
          4265775607,
          207203012,
          506172187,
          653851075,
          3230457677,
          3312891203,
          1364967339,
          1294727699,
          4288692917,
          934747267,
          831354593,
          1485485006,
          3554855062,
          2444254977,
          2973015379,
          3605544292,
          1315451623,
          4266288444,
          1635983986,
          93036924,
          2188783887,
          604174022,
          2222835059,
          1220015269,
          1416554807,
          3035048555,
          1747545842,
          2599218700,
          3634887451,
          3463451614,
          1378476447,
          2580754788,
          2262171625,
          432687125,
          349913459,
          1795958996,
          1532261691,
          1391163438,
          4140265736,
          701112195,
          3449351143,
          1271506108,
          1798959867,
          3760073002,
          312435762,
          2176975472,
          2222985653,
          1537086922,
          4217688921,
          1475009310,
          3141510325,
          2086371779,
          377452705,
          577947285,
          2743829794,
          2022378577,
          2186893412,
          3589640971,
          3900294077,
          499244581,
          3336170566,
          1260389166,
          2434469772,
          3172389154,
          1053851967,
          3334303774,
          3716874236,
          2259265286,
          1283089322,
          1525163930,
          2140349982,
          3871396418,
          4022973508,
          1586858637,
          1469721490,
          4265859806,
          2935432928,
          6851525,
          875865670,
          1280190770,
          2622105533,
          1710690977,
          3271468741,
          926344600,
          1733925236,
          787320850,
          712133771,
          215741529,
          3801415617,
          2170449085,
          2772565645,
          47400592,
          1068167758,
          2456596065,
          980263479,
          530191245,
          3844695415,
          1290962066,
          1785445780,
          1262138962,
          202004093,
          2785032569,
          3624823333,
          1204269106,
          311593688,
          2432914005,
          4191372697,
          2103570065,
          3156713097,
          892369844,
          479308655,
          3839708140,
          87609303,
          3308033204,
          4226040651,
          3703440694,
          2341787286,
          2353916890,
          1694100070,
          647056334,
          2088072117,
          688127394,
          573430225,
          2801387414,
          2687039782,
          2182542714,
          3778424712,
          3970049730,
          2001273878,
          38433007,
          3508610691,
          3814575932,
          3643368178,
          1011577705,
          120190419,
          1809401437,
          3263213636,
          3905154623,
          566930717,
          3054925353,
          2602879786,
          4171892408,
          2691685137,
          1684120990,
          3271223639,
          16805015,
          2393107606,
          2519784436,
          128009861,
          3039082596,
          1766952898,
          660736388,
          3816190130,
          2328852397,
          868613957,
          1574108788,
          2704620103,
          3583242569,
          1593880873,
          1972611001,
          739090726,
          1213425738,
          1536281346,
          879062174,
          2682419554,
          802748197,
          1690143578,
          4178194037,
          4280279170,
          2257842364,
          3842173337,
          2439028407,
          1916947113,
          2219001069,
          1525158982,
          468621511,
          4006076583,
          962270595,
          4208823011,
          392573098,
          1737914975,
          2355092893,
          1169035243,
          2513106809,
          2183672107,
          3280929048,
          2119470369,
          1302765018,
          3773703955,
          2979171426,
          3430013885,
          3342482641,
          3412211604,
          2009637730,
          4123291413,
          1973238700,
          1629869337,
          861685201,
          396257763,
          585373797,
          475951382,
          289333162,
          759626857,
          1801142203,
          3779757331,
          3184925423,
          3544280728,
          2932179756,
          2471974427,
          1744047590,
          249677713,
          2525074084,
          2976340241,
          764824502,
          31237546,
          3781706685,
          4117626955,
          1802785880,
          2808580380,
          3386084591,
          3106266082,
          3375184974,
          1816521702,
          2454736094,
          2487742699,
          3810291201,
          4217773266,
          1000422786,
          3027696715,
          3327290580,
          3573560508,
          1915848351,
          884557348,
          2490643219,
          2818915490,
          4076743817,
          1156903689,
          4134348872,
          1336343183,
          462972848,
          570911783,
          1603190714,
          1153028144,
          3938013134,
          924296259,
          3958355060,
          2807006677,
          2519702294,
          3786581954,
          644268026,
          1567787143,
          676749560,
          1685257734,
          1911112719,
          1234891590,
          2445110938,
          2611949889,
          644121899,
          3700972014,
          564948100,
          654635238,
          3341658035,
          3125002546,
          3459856974,
          770983619,
          2556042091,
          1122705735,
          842881283,
          153880820,
          3193624794,
          667641581,
          3808084327,
          1387105977,
          1832905614,
          3964091748,
          1147774038,
          1095520645,
          2577639412,
          1227415474,
          3378519851,
          867607823,
          1162867085,
          4063407937,
          2896870047,
          1593455178,
          593439027,
          2713553149,
          4202578252,
          1359726102,
          883526376,
          304706393,
          2413612867,
          905036901,
          184510831,
          3547032606,
          701526592,
          2801810023,
          623072930,
          2427217721,
          1414925380,
          3452001133,
          1034022338,
          1284184178,
          2775566692,
          3601449305,
          3748215374,
          1209939822,
          991908686,
          3991609076,
          1257669300,
          3021617640,
          3076430562,
          1856400137,
          1840473248,
          2852054532,
          2639900654,
          1900608399,
          2180532810,
          527504992,
          3705967034,
          3656091401,
          614010266,
          313990360,
          2488567015,
          1736759327,
          377227864,
          3206288722,
          1419461058,
          591330581,
          2451406083,
          1959142355,
          3501693749,
          4049787414,
          1315189665,
          1806586687,
          3857109916,
          3424381698,
          1480726535,
          4083562074,
          3363632599,
          4028060717,
          392298679,
          2551217286,
          4163329827,
          135976542,
          1006500020,
          10977079,
          672408859,
          816875964,
          4290320359,
          850856302,
          1041745384,
          939074754,
          3570314757,
          205075060,
          354644754,
          2598775540,
          3702609086,
          1756353706,
          3304594632,
          100290851,
          564806780,
          2033249325,
          1388394587,
          487425941,
          1182989092,
          1979897742,
          766440898,
          2634420790,
          2303447316,
          3859086561,
          2838958565,
          2261428472,
          1248082452,
          3051016563,
          2205622458,
          3502937253,
          2122859354,
          524711082,
          2322845513,
          4129258157,
          1069521543,
          350990124,
          2132667943,
          549345170,
          2009664722,
          190089845,
          3620525388,
          1660021477,
          3176180320,
          2810482124,
          1192888018,
          2394831992,
          3630722592,
          2809682591,
          3972588743,
          2619694443,
          3004286761,
          2714605488,
          3572563748,
          2091993188,
          3733627790,
          3822334420,
          3586720804,
          3791606436,
          2293512461,
          3771993745,
          616061516,
          1180988902,
          2272946927,
          65134317,
          4219591994,
          2383671795,
          3489027298,
          838041962,
          1499535633,
          2867477434,
          1982582490,
          907972758,
          894124464,
          1,
          0,
          '0',
          '-1',
          '0',
          '0',
          '0',
          -1,
          '0',
          '-1',
          '0',
          '0'
        ];
