n	Genus	spp	value
35	Genus	sp1	-															
36	Genus	sp2	0.05151	-														
38	Genus	sp3	0.0395	0.04872	-													
39	Genus	sp4	0.05135	0.06856	0.05923	-												
40	Genus	sp5	0.04528	0.0505	0.04442	0.05604	-											
42	Genus	sp6	0.04168	0.04967	0.0407	0.05786	0.0179	-										
43	Genus	sp7	0.03464	0.06297	0.05219	0.05622	0.0606	0.05401	-									
44	Genus	sp8	0.03654	0.05261	0.04282	0.05675	0.05245	0.04726	0.0495	-								
45	Genus	sp9	0.04128	0.05172	0.01511	0.06077	0.04843	0.04533	0.05722	0.04421	-							
46	Genus	sp10	0.04184	0.03716	0.03968	0.05046	0.03914	0.03643	0.0499	0.04416	0.04014	-						
47	Genus	sp11	0.0396	0.04757	0.00605	0.05669	0.04325	0.04076	0.05243	0.04098	0.01152	0.03705	-					
48	Genus	sp12	0.04046	0.05273	0.04521	0.05679	0.02194	0.01795	0.05524	0.04985	0.0478	0.04061	0.04642	-				
49	Genus	sp13	0.04603	0.0414	0.04121	0.05969	0.04329	0.04111	0.05565	0.04742	0.0429	0.02089	0.03963	0.04302	-			
51	Genus	sp14	0.05958	0.06901	0.05792	0.07602	0.03506	0.03169	0.07215	0.06868	0.06331	0.05679	0.05959	0.03437	0.06004	-		
52	Genus	sp15	0.04924	0.0115	0.04241	0.0644	0.04728	0.04688	0.06177	0.05044	0.04745	0.03182	0.04106	0.05065	0.03882	0.06595	-	
53	Genus	sp16	0.04221	0.05195	0.01086	0.06141	0.04793	0.04406	0.05476	0.04433	0.01696	0.04248	0.00995	0.04778	0.04393	0.06143	0.04666	-
54	Genus	sp17	0.03016	0.05809	0.04485	0.05096	0.04969	0.04615	0.02362	0.04285	0.04714	0.04803	0.0444	0.04902	0.05331	0.06138	0.05766	0.04796	-															
56	Genus	sp18	0.04031	0.06477	0.05807	0.0584	0.05752	0.05929	0.03368	0.05293	0.05819	0.04997	0.05297	0.05816	0.05845	0.0762	0.06161	0.06009	0.03152	-														
57	Genus	sp19	0.05208	0.00566	0.04755	0.0716	0.05171	0.05049	0.06177	0.0548	0.05267	0.03931	0.04849	0.05136	0.04344	0.06852	0.01359	0.0507	0.05842	0.06446	-													
58	Genus	sp20	0.04137	0.04985	0.042	0.05736	0.01746	0.01498	0.05399	0.05066	0.04668	0.03703	0.04211	0.019	0.04055	0.03106	0.04827	0.04585	0.04671	0.05654	0.05074	-												
59	Genus	sp21	0.05208	0.0152	0.04539	0.0691	0.05073	0.04966	0.06505	0.05248	0.04888	0.0382	0.04415	0.05328	0.04252	0.06764	0.0115	0.04878	0.06	0.06378	0.01589	0.05006	-											
60	Genus	sp22	0.05205	0.01743	0.04794	0.07058	0.05185	0.05147	0.06527	0.05474	0.05249	0.04112	0.04776	0.05395	0.04518	0.06788	0.01495	0.05049	0.06162	0.06832	0.01794	0.05035	0.00571	-										
61	Genus	sp23	0.04464	0.0402	0.04204	0.05898	0.04256	0.03909	0.05449	0.04539	0.04422	0.01598	0.03957	0.04316	0.02423	0.06025	0.03669	0.04487	0.05195	0.05823	0.04298	0.04006	0.04022	0.04222	-									
62	Genus	sp24	0.04311	0.04991	0.04552	0.05982	0.02116	0.0175	0.06053	0.05091	0.049	0.03983	0.04445	0.02126	0.04308	0.03636	0.04789	0.04903	0.05206	0.05935	0.05201	0.01842	0.05112	0.05192	0.04046	-								
63	Genus	sp25	0.04498	0.04135	0.04173	0.06123	0.04584	0.04055	0.04937	0.04656	0.04612	0.01662	0.04203	0.04494	0.02486	0.0599	0.0378	0.04495	0.04771	0.05942	0.04226	0.04174	0.04135	0.04383	0.00794	0.04433	-							
64	Genus	sp26	0.03954	0.06382	0.05605	0.05809	0.06319	0.0548	0.00204	0.05162	0.05775	0.05237	0.05334	0.05976	0.05709	0.07301	0.06208	0.05787	0.02788	0.03531	0.06402	0.05692	0.06602	0.06672	0.05617	0.06115	0.05219	-						
65	Genus	sp27	0.0504	0.04403	0.04392	0.06481	0.04862	0.0463	0.06027	0.05228	0.04845	0.02575	0.04325	0.05121	0.01875	0.06771	0.04109	0.0481	0.0582	0.06351	0.04631	0.04766	0.04507	0.04808	0.02795	0.04913	0.03	0.06206	-					
66	Genus	sp28	0.04355	0.05024	0.0467	0.06069	0.0207	0.0176	0.06173	0.05235	0.05061	0.04077	0.04595	0.01429	0.04359	0.03791	0.0491	0.05024	0.05023	0.06336	0.0509	0.0196	0.05159	0.05405	0.04376	0.01899	0.04517	0.06316	0.04942	-				
67	Genus	sp29	0.04389	0.05217	0.04552	0.05985	0.02079	0.01813	0.05839	0.05057	0.04857	0.04262	0.04533	0.01652	0.04358	0.03497	0.051	0.04688	0.04923	0.05867	0.05447	0.01767	0.05328	0.05213	0.04511	0.02118	0.0474	0.06114	0.0508	0.01846	-			
68	Genus	sp30	0.04324	0.05223	0.04223	0.05874	0.01742	0.01519	0.05501	0.05086	0.04628	0.0382	0.04301	0.01733	0.04231	0.03271	0.04925	0.04566	0.04537	0.05821	0.05231	0.01514	0.05155	0.05269	0.04192	0.01828	0.04237	0.05768	0.04822	0.01834	0.01761	-		
69	Genus	sp31	0.04117	0.05307	0.0426	0.06061	0.0193	0.01564	0.05523	0.05124	0.04675	0.04051	0.04348	0.01797	0.04321	0.03287	0.0497	0.04598	0.04418	0.05876	0.05308	0.01626	0.05109	0.05223	0.0425	0.01952	0.04301	0.05813	0.04841	0.0189	0.01877	0.00822	-	
70	Genus	sp32	0.03689	0.06388	0.05712	0.05807	0.0612	0.05664	0.00207	0.05392	0.05948	0.05159	0.05509	0.05847	0.0565	0.07313	0.06489	0.05874	0.02753	0.03628	0.06388	0.05657	0.0673	0.06664	0.05643	0.0615	0.0526	0.00515	0.06335	0.06485	0.05957	0.05822	0.05866	-
71	Genus	sp33	0.049	0.04049	0.04346	0.06037	0.04506	0.04272	0.05512	0.05099	0.0458	0.02308	0.04219	0.04724	0.01567	0.06238	0.03933	0.04491	0.05393	0.06204	0.04108	0.04316	0.04315	0.04412	0.02602	0.0435	0.02571	0.05748	0.01148	0.04412	0.04702	0.04536	0.0462	0.05513	-															
72	Genus	sp34	0.04303	0.0562	0.04496	0.06021	0.02261	0.01913	0.0581	0.05175	0.04795	0.0426	0.04401	0.02459	0.04607	0.03708	0.05299	0.04833	0.05116	0.05977	0.05754	0.01815	0.05631	0.0567	0.04441	0.02151	0.04806	0.06149	0.05135	0.02281	0.02277	0.01999	0.02112	0.06057	0.04693	-														
73	Genus	sp35	0.03327	0.05026	0.04024	0.05015	0.04566	0.04365	0.04613	0.03863	0.04538	0.04289	0.04013	0.04257	0.04691	0.0608	0.0501	0.04424	0.0414	0.04724	0.05255	0.04456	0.05208	0.05396	0.04753	0.04532	0.04817	0.05142	0.04981	0.04571	0.04672	0.04528	0.04637	0.04978	0.04782	0.04716	-													
74	Genus	sp36	0.05168	0.06898	0.05517	0.02529	0.061	0.06116	0.0598	0.06142	0.05827	0.05573	0.05591	0.05664	0.06187	0.07315	0.06753	0.05814	0.05513	0.06394	0.07003	0.06022	0.07113	0.07033	0.06308	0.06344	0.06293	0.06419	0.06998	0.06462	0.06148	0.05862	0.06119	0.06028	0.06331	0.06439	0.05425	-												
75	Genus	sp37	0.05394	0.00764	0.05009	0.07053	0.05161	0.0507	0.06441	0.05375	0.05226	0.03831	0.0487	0.05273	0.04333	0.0702	0.01217	0.05278	0.06039	0.0644	0.0096	0.05161	0.01656	0.01857	0.04203	0.05065	0.04372	0.06518	0.04541	0.05166	0.05424	0.05359	0.05415	0.06652	0.04345	0.05724	0.05203	0.07275	-											
76	Genus	sp38	0.04215	0.03764	0.04018	0.05137	0.0413	0.0377	0.04997	0.04494	0.04103	0.00188	0.03778	0.04255	0.02131	0.0579	0.03266	0.04283	0.04814	0.05238	0.03975	0.03948	0.03883	0.04206	0.01656	0.04179	0.01778	0.05241	0.02656	0.04242	0.04498	0.04005	0.04221	0.05161	0.024	0.04493	0.04573	0.05702	0.03897	-										
77	Genus	sp39	0.04255	0.06705	0.05333	0.02754	0.05786	0.05631	0.05071	0.05557	0.05819	0.05306	0.05405	0.05373	0.05992	0.07274	0.06397	0.05632	0.04714	0.05782	0.06644	0.05615	0.06644	0.06865	0.06093	0.0598	0.05802	0.05429	0.06523	0.06023	0.06053	0.05666	0.05757	0.05598	0.06107	0.05956	0.04671	0.0311	0.06845	0.05178	-									
78	Genus	sp40	0.04397	0.03982	0.03981	0.05735	0.04281	0.04114	0.05418	0.04625	0.0417	0.01963	0.03843	0.04302	0.00375	0.05936	0.03756	0.04252	0.05198	0.05592	0.04195	0.04022	0.04136	0.04337	0.02303	0.04302	0.0222	0.05572	0.01751	0.04368	0.04294	0.04232	0.0432	0.05431	0.01428	0.04586	0.04489	0.05966	0.0422	0.02001	0.0586	-								
79	Genus	sp41	0.04203	0.05146	0.04354	0.0566	0.01917	0.01616	0.05773	0.04978	0.0472	0.03941	0.04197	0.01981	0.03985	0.03435	0.04881	0.04694	0.04868	0.05702	0.05387	0.01517	0.05186	0.05275	0.04184	0.01838	0.04485	0.0598	0.04746	0.01964	0.01841	0.017	0.01753	0.05828	0.04466	0.02026	0.04232	0.06151	0.0534	0.04112	0.05845	0.04068	-							
80	Genus	sp42	0.04259	0.06314	0.05259	0.02588	0.05331	0.05365	0.05182	0.05528	0.05594	0.04976	0.05377	0.05157	0.05585	0.06874	0.06173	0.05569	0.04884	0.05561	0.06339	0.05299	0.06393	0.06458	0.05895	0.05626	0.05662	0.05679	0.06246	0.05658	0.05622	0.05301	0.05432	0.05441	0.05772	0.05665	0.04385	0.02924	0.06618	0.04991	0.00669	0.05368	0.05374	-						
81	Genus	sp43	0.04317	0.05491	0.01376	0.06092	0.04918	0.04562	0.05181	0.04434	0.01899	0.04322	0.01206	0.04936	0.04482	0.06273	0.04865	0.016	0.04705	0.05845	0.05269	0.04676	0.05068	0.05315	0.04571	0.05089	0.04244	0.05497	0.04997	0.05073	0.04933	0.04727	0.04686	0.05591	0.04738	0.04874	0.04381	0.05929	0.05644	0.04361	0.05617	0.04256	0.04598	0.05667	-					
83	Genus	sp44	0.03957	0.0635	0.0581	0.05769	0.05725	0.05812	0.03287	0.05132	0.05762	0.05043	0.05243	0.0569	0.05873	0.07459	0.06034	0.06014	0.03089	0.00206	0.06455	0.0562	0.06255	0.06706	0.05785	0.05824	0.05902	0.03459	0.06223	0.06216	0.05757	0.05707	0.05763	0.03555	0.06152	0.05864	0.04572	0.06471	0.06378	0.0528	0.05712	0.05625	0.05524	0.05521	0.05924	-				
84	Genus	sp45	0.03266	0.05847	0.05042	0.05147	0.05166	0.05319	0.0285	0.04729	0.05133	0.04893	0.04818	0.05033	0.05314	0.06957	0.05752	0.05222	0.02311	0.01603	0.05937	0.05068	0.05912	0.06066	0.05439	0.05346	0.05391	0.0323	0.05893	0.05724	0.05224	0.05213	0.05202	0.03112	0.0556	0.05329	0.03983	0.05589	0.061	0.04987	0.05065	0.04976	0.05036	0.04915	0.05232	0.01501	-			
85	Genus	sp46	0.04617	0.06443	0.05315	0.01405	0.05314	0.05345	0.05353	0.05255	0.05518	0.0475	0.05161	0.05165	0.05525	0.06736	0.06153	0.05645	0.04938	0.05503	0.06649	0.05414	0.06426	0.06555	0.05617	0.05658	0.05805	0.05574	0.06281	0.05713	0.05539	0.05281	0.05488	0.05676	0.05814	0.05704	0.04904	0.01444	0.06581	0.04926	0.02317	0.05403	0.054	0.02193	0.05597	0.05466	0.0509	-		
86	Genus	sp47	0.04694	0.0562	0.04612	0.06194	0.02268	0.02129	0.06051	0.05349	0.05033	0.0441	0.04572	0.02293	0.04656	0.03687	0.05264	0.05036	0.05249	0.06286	0.05832	0.01986	0.05552	0.05756	0.045	0.02424	0.04811	0.06385	0.05097	0.02417	0.02078	0.02089	0.02268	0.06372	0.04798	0.02048	0.0471	0.06741	0.05642	0.04604	0.06334	0.04667	0.01921	0.06082	0.05161	0.06095	0.05738	0.05929	-	
87	Genus	sp48	0.04855	0.05441	0.02003	0.06	0.05199	0.04946	0.05931	0.0504	0.02411	0.04346	0.01698	0.0523	0.049	0.06914	0.04858	0.02187	0.05332	0.0613	0.05665	0.05014	0.05231	0.05594	0.04828	0.05181	0.04954	0.06056	0.05273	0.05421	0.05353	0.05107	0.05227	0.06379	0.05091	0.05284	0.04825	0.06165	0.05494	0.04572	0.05924	0.04782	0.05139	0.05967	0.02292	0.06085	0.05636	0.05735	0.05321	-
88	Genus	sp49	0.03898	0.04977	0.04097	0.05577	0.01832	0.01527	0.05271	0.04714	0.04515	0.03797	0.04065	0.01819	0.04068	0.03237	0.04673	0.04443	0.04532	0.05568	0.05119	0.01454	0.04924	0.05043	0.0393	0.0173	0.0422	0.05565	0.0474	0.01826	0.01793	0.01547	0.01597	0.05617	0.04422	0.01956	0.04259	0.06065	0.05079	0.03978	0.05365	0.04065	0.01535	0.05222	0.0433	0.05462	0.04822	0.05209	0.01983	0.04866	-															
89	Genus	sp50	0.04343	0.05459	0.04406	0.06295	0.02376	0.02058	0.05824	0.05287	0.05037	0.04341	0.04509	0.02535	0.04607	0.03761	0.05062	0.04726	0.05058	0.0617	0.05446	0.02099	0.05348	0.05435	0.04545	0.02392	0.04626	0.06213	0.0543	0.02365	0.02056	0.02088	0.02127	0.06131	0.05107	0.01966	0.04534	0.06303	0.05441	0.04491	0.05755	0.04601	0.02189	0.0557	0.04828	0.0605	0.05544	0.05767	0.02133	0.05324	0.02032	-														
90	Genus	sp51	0.05046	0.00964	0.0484	0.07088	0.05231	0.04977	0.0645	0.05367	0.05323	0.03965	0.05055	0.05205	0.04389	0.06815	0.01391	0.05272	0.05781	0.06698	0.01115	0.05005	0.0189	0.01963	0.04313	0.05059	0.04265	0.06507	0.04605	0.05161	0.05385	0.05195	0.05182	0.06538	0.04347	0.05631	0.05107	0.06989	0.01107	0.04072	0.06771	0.04239	0.0532	0.06365	0.05484	0.06611	0.06139	0.06622	0.05774	0.05673	0.04984	0.05384	-													
91	Genus	sp52	0.0509	0.07091	0.05953	0.03005	0.05961	0.05852	0.05776	0.06056	0.06305	0.05721	0.05912	0.05712	0.06388	0.07495	0.06896	0.06235	0.05723	0.06482	0.07076	0.05911	0.07133	0.07314	0.0657	0.06087	0.06412	0.06438	0.06754	0.06278	0.06299	0.05886	0.05998	0.0647	0.06517	0.06195	0.05225	0.03608	0.07303	0.0565	0.01579	0.06328	0.06022	0.01741	0.0605	0.06467	0.06009	0.02922	0.06509	0.06229	0.05759	0.05922	0.07277	-												
92	Genus	sp53	0.05444	0.00972	0.04742	0.07199	0.05567	0.05191	0.06224	0.0558	0.05375	0.04141	0.04882	0.05298	0.04619	0.0694	0.01506	0.05039	0.05838	0.06723	0.0113	0.0531	0.01881	0.02053	0.04449	0.05394	0.04355	0.06594	0.0484	0.05322	0.05654	0.05414	0.05436	0.06725	0.04535	0.05963	0.05489	0.07057	0.00323	0.04184	0.06609	0.04485	0.0566	0.06572	0.05373	0.0659	0.06204	0.06835	0.05912	0.05571	0.0525	0.05513	0.0115	0.07142	-											
93	Genus	sp54	0.05014	0.05801	0.01795	0.06621	0.05503	0.04873	0.05898	0.05039	0.02107	0.04875	0.01674	0.05131	0.05077	0.06592	0.05145	0.0215	0.0533	0.06539	0.05649	0.05254	0.05476	0.05707	0.05077	0.05331	0.0504	0.06154	0.05558	0.0562	0.05578	0.0512	0.05178	0.06347	0.05396	0.0544	0.05068	0.06355	0.05841	0.04884	0.06105	0.04942	0.0539	0.06286	0.02158	0.06413	0.05693	0.06173	0.05778	0.02601	0.05053	0.05446	0.05526	0.06777	0.05721	-										
94	Genus	sp55	0.05169	0.01673	0.04609	0.06977	0.05159	0.04984	0.06395	0.05103	0.05041	0.03782	0.04553	0.0518	0.04438	0.06849	0.01158	0.0494	0.05788	0.06539	0.01749	0.05047	0.00139	0.0062	0.0407	0.05072	0.03917	0.06486	0.04732	0.05249	0.05403	0.05222	0.05114	0.06822	0.04656	0.05597	0.05056	0.07321	0.01744	0.03871	0.0672	0.04376	0.05177	0.06534	0.05116	0.06433	0.06191	0.06495	0.05554	0.05184	0.04748	0.05365	0.01899	0.06969	0.01875	0.05372	-									
96	Genus	sp56	0.0438	0.05157	0.04169	0.06007	0.03519	0.02937	0.05549	0.0504	0.04806	0.03968	0.04131	0.03432	0.04374	0.04706	0.04928	0.04434	0.04815	0.06122	0.05279	0.03122	0.05285	0.05266	0.04231	0.03452	0.0427	0.05846	0.05038	0.03598	0.03502	0.03163	0.03183	0.05898	0.04664	0.03527	0.04626	0.062	0.05391	0.04015	0.05437	0.04303	0.03379	0.05401	0.04155	0.06011	0.05243	0.0559	0.03768	0.04991	0.03138	0.03316	0.05273	0.06052	0.0539	0.04963	0.05205	-								
97	Genus	sp57	0.05557	0.00898	0.05033	0.07216	0.05288	0.05086	0.06686	0.05505	0.0529	0.03957	0.05008	0.05601	0.04475	0.07048	0.01283	0.05496	0.06259	0.06643	0.01097	0.05312	0.0179	0.0206	0.04281	0.05202	0.04329	0.06744	0.04601	0.05184	0.0564	0.05511	0.05498	0.06887	0.0429	0.05744	0.05413	0.07506	0.01016	0.04108	0.07075	0.04237	0.05489	0.06843	0.05666	0.06511	0.06257	0.06798	0.05839	0.05623	0.05225	0.05723	0.00457	0.07464	0.01244	0.05993	0.01883	0.05543	-							
98	Genus	sp58	0.0423	0.05156	0.0415	0.05499	0.01834	0.01495	0.05193	0.04774	0.04438	0.03817	0.04034	0.01874	0.03942	0.03167	0.04957	0.04376	0.04609	0.05519	0.05243	0.01549	0.05143	0.05296	0.04032	0.01669	0.04222	0.05587	0.04527	0.01711	0.01834	0.01509	0.01635	0.0557	0.04294	0.01944	0.04259	0.05987	0.05371	0.04021	0.05715	0.03885	0.01542	0.0543	0.04319	0.05479	0.0506	0.05199	0.02134	0.04809	0.01341	0.02164	0.0531	0.05777	0.05654	0.05373	0.0504	0.03267	0.05307	-						
99	Genus	sp59	0.04621	0.04025	0.04248	0.05892	0.04454	0.03914	0.0558	0.04773	0.04422	0.01821	0.04191	0.04317	0.02506	0.05894	0.03495	0.04447	0.05125	0.05868	0.03991	0.041	0.04023	0.04292	0.01885	0.04493	0.01834	0.05971	0.03165	0.04339	0.04546	0.04085	0.04129	0.06018	0.02752	0.04632	0.0474	0.05973	0.04136	0.0209	0.05823	0.02427	0.04343	0.05547	0.04482	0.05898	0.05667	0.05481	0.04569	0.04772	0.04266	0.04508	0.04033	0.06233	0.04167	0.05048	0.03787	0.04042	0.04303	0.04353	-					
101	Genus	sp60	0.04532	0.03806	0.04394	0.05689	0.0431	0.04045	0.05737	0.04772	0.0439	0.01539	0.04	0.04631	0.02354	0.0603	0.03354	0.04655	0.05348	0.0581	0.04181	0.04159	0.03929	0.0425	0.01605	0.04159	0.01859	0.05751	0.02767	0.04451	0.04603	0.04445	0.04503	0.05856	0.02502	0.04543	0.0472	0.06233	0.04044	0.01546	0.05881	0.0222	0.04157	0.05709	0.0475	0.05835	0.05439	0.0556	0.04599	0.04783	0.04152	0.04772	0.04184	0.0628	0.04433	0.05224	0.0381	0.04478	0.04129	0.04202	0.02034	-				
102	Genus	sp61	0.04543	0.04099	0.04408	0.05829	0.04468	0.04262	0.05558	0.04672	0.04605	0.01611	0.03874	0.04692	0.02528	0.06449	0.03708	0.04607	0.05396	0.05819	0.04409	0.04286	0.04177	0.04423	0.00851	0.04406	0.00874	0.05775	0.03045	0.04646	0.04764	0.04515	0.04608	0.05501	0.02764	0.04621	0.04758	0.06303	0.04332	0.0168	0.06091	0.02368	0.04378	0.05653	0.04637	0.05806	0.05306	0.05804	0.04782	0.04948	0.0434	0.04897	0.0433	0.06509	0.0472	0.05396	0.04046	0.04524	0.04395	0.04398	0.01999	0.01501	-			
105	Genus	sp62	0.03769	0.06376	0.05237	0.05507	0.05562	0.055	0.02722	0.05085	0.05614	0.05172	0.05182	0.05307	0.05939	0.06803	0.06172	0.05509	0.02611	0.01629	0.06193	0.05358	0.06369	0.06535	0.05961	0.05799	0.05627	0.03097	0.06397	0.06051	0.05592	0.05258	0.05356	0.03188	0.06107	0.05841	0.04481	0.06047	0.06442	0.05308	0.05145	0.0566	0.05317	0.05296	0.05327	0.01396	0.01224	0.05453	0.05995	0.05908	0.05246	0.05628	0.06342	0.05901	0.06282	0.05923	0.06333	0.05642	0.06682	0.05436	0.05907	0.06028	0.06012	-		
106	Genus	sp63	0.04473	0.04268	0.03911	0.06072	0.04469	0.04067	0.05284	0.04705	0.04254	0.02162	0.03925	0.04233	0.00257	0.05834	0.03843	0.04183	0.05159	0.05831	0.0429	0.0407	0.04337	0.04577	0.02405	0.0437	0.02405	0.05506	0.01908	0.04376	0.04421	0.04101	0.04194	0.05556	0.01598	0.04612	0.0473	0.06114	0.04346	0.02257	0.05716	0.00386	0.0423	0.05476	0.04309	0.05859	0.05292	0.05679	0.04753	0.04868	0.04101	0.04512	0.04246	0.06173	0.04395	0.0479	0.04466	0.04236	0.04492	0.04096	0.02372	0.02511	0.02614	0.05652	-	
107	Genus	sp64	0.04561	0.05336	0.04493	0.06069	0.02091	0.0176	0.06204	0.05213	0.04835	0.04117	0.04374	0.02172	0.04175	0.03586	0.04926	0.04847	0.05092	0.06143	0.05552	0.01814	0.05269	0.05477	0.04366	0.02055	0.04658	0.06384	0.04807	0.02096	0.02033	0.01439	0.01508	0.06372	0.04505	0.02259	0.04722	0.06536	0.05445	0.04317	0.06264	0.04187	0.01937	0.05876	0.04971	0.06089	0.05612	0.05655	0.02372	0.05253	0.01744	0.02349	0.05515	0.06374	0.05787	0.05431	0.0536	0.03604	0.05582	0.01617	0.04539	0.0453	0.04684	0.05999	0.04245	-
109	Genus	sp65	0.0426	0.03912	0.04148	0.05928	0.04414	0.04018	0.0513	0.04564	0.04575	0.01549	0.03965	0.0432	0.02353	0.05993	0.03674	0.04346	0.05001	0.05803	0.04038	0.03992	0.03998	0.04156	0.00712	0.04293	0.00693	0.05497	0.02898	0.04483	0.04569	0.04195	0.04278	0.05313	0.02557	0.04413	0.04631	0.06084	0.0422	0.01671	0.05643	0.02199	0.04253	0.05458	0.04355	0.05766	0.05251	0.0568	0.04665	0.04841	0.04144	0.04553	0.04014	0.06235	0.04316	0.05072	0.03931	0.04198	0.04306	0.04275	0.01806	0.0162	0.00127	0.0564	0.02319	0.04569	-				
110	Genus	sp66	0.04377	0.0393	0.03914	0.05344	0.04237	0.03671	0.04874	0.0458	0.04181	0.00131	0.03845	0.04216	0.02185	0.05583	0.03325	0.04241	0.04592	0.05382	0.04039	0.03925	0.03991	0.04325	0.0167	0.04298	0.01658	0.04967	0.02632	0.04249	0.04554	0.03909	0.04111	0.05027	0.02397	0.04553	0.04704	0.05691	0.04018	0.00131	0.05018	0.02054	0.04225	0.04921	0.04318	0.05424	0.05152	0.04899	0.04606	0.04663	0.03958	0.04442	0.04133	0.05642	0.04098	0.04736	0.03887	0.03957	0.04244	0.04071	0.01956	0.01761	0.01716	0.05141	0.02187	0.0438	0.01618	-			
111	Genus	sp67	0.05008	0.00689	0.0468	0.06635	0.04979	0.04789	0.06142	0.05005	0.05112	0.03548	0.04631	0.05002	0.04076	0.0656	0.01088	0.05006	0.05734	0.06203	0.0087	0.04836	0.01462	0.01678	0.03959	0.04947	0.04025	0.0624	0.04348	0.04884	0.05151	0.05033	0.05123	0.06307	0.04042	0.0545	0.04828	0.06831	0.00831	0.03674	0.06477	0.03943	0.0507	0.06177	0.05139	0.06082	0.05643	0.06058	0.05501	0.05315	0.04801	0.05275	0.0102	0.06929	0.01025	0.05609	0.01541	0.0504	0.00965	0.05094	0.03694	0.03773	0.04084	0.06158	0.0415	0.05209	0.03845	0.0375	-		
112	Genus	sp68	0.04171	0.03644	0.0389	0.05101	0.03982	0.03698	0.04903	0.04344	0.03946	0.00063	0.03626	0.04124	0.02018	0.0573	0.03114	0.04168	0.04724	0.05069	0.0386	0.03759	0.03744	0.04038	0.01527	0.04037	0.0159	0.05156	0.02513	0.04131	0.04317	0.03876	0.04104	0.0508	0.02235	0.04313	0.04339	0.05626	0.03756	0.00126	0.05287	0.01893	0.03997	0.05029	0.0424	0.05115	0.04815	0.048	0.04461	0.04417	0.03785	0.04393	0.03956	0.05836	0.04065	0.04797	0.03711	0.03894	0.03955	0.03872	0.01888	0.01471	0.01546	0.05226	0.02088	0.04169	0.01481	0.00065	0.03474	-	
113	Genus	sp69	0.04366	0.05217	0.01714	0.05855	0.04977	0.04684	0.05522	0.04877	0.02232	0.04253	0.01482	0.04778	0.04674	0.06487	0.04711	0.01988	0.04989	0.06005	0.05186	0.04699	0.05071	0.05259	0.04663	0.04948	0.04678	0.05862	0.05187	0.05265	0.05029	0.0477	0.0489	0.058	0.0491	0.04954	0.04493	0.05632	0.05393	0.04421	0.0561	0.04536	0.04906	0.0557	0.0203	0.06007	0.05211	0.05578	0.0515	0.00185	0.04618	0.04903	0.05255	0.05944	0.05224	0.02267	0.05099	0.04659	0.0555	0.0472	0.04537	0.04775	0.04618	0.05523	0.04528	0.0509	0.04441	0.04494	0.05011	0.04311	-
