35	Genus	sp1	-															
36	Genus	sp2	0.05151	-														
38	Genus	sp3	0.0395	0.04872	-													
39	Genus	sp4	0.05135	0.06856	0.05923	-												
40	Genus	sp5	0.04528	0.0505	0.04442	0.05604	-											
42	Genus	sp6	0.04168	0.04967	0.0407	0.05786	0.0179	-										
43	Genus	sp7	0.03464	0.06297	0.05219	0.05622	0.0606	0.05401	-									
44	Genus	sp8	0.03654	0.05261	0.04282	0.05675	0.05245	0.04726	0.0495	-								
45	Genus	sp9	0.04128	0.05172	0.01511	0.06077	0.04843	0.04533	0.05722	0.04421	-							
46	Genus	sp10	0.04184	0.03716	0.03968	0.05046	0.03914	0.03643	0.0499	0.04416	0.04014	-						
47	Genus	sp11	0.0396	0.04757	0.00605	0.05669	0.04325	0.04076	0.05243	0.04098	0.01152	0.03705	-					
48	Genus	sp12	0.04046	0.05273	0.04521	0.05679	0.02194	0.01795	0.05524	0.04985	0.0478	0.04061	0.04642	-				
49	Genus	sp13	0.04603	0.0414	0.04121	0.05969	0.04329	0.04111	0.05565	0.04742	0.0429	0.02089	0.03963	0.04302	-			
51	Genus	sp14	0.05958	0.06901	0.05792	0.07602	0.03506	0.03169	0.07215	0.06868	0.06331	0.05679	0.05959	0.03437	0.06004	-		
52	Genus	sp15	0.04924	0.0115	0.04241	0.0644	0.04728	0.04688	0.06177	0.05044	0.04745	0.03182	0.04106	0.05065	0.03882	0.06595	-	
53	Genus	sp16	0.04221	0.05195	0.01086	0.06141	0.04793	0.04406	0.05476	0.04433	0.01696	0.04248	0.00995	0.04778	0.04393	0.06143	0.04666	-
54	Genus	sp17	0.03016	0.05809	0.04485	0.05096	0.04969	0.04615	0.02362	0.04285	0.04714	0.04803	0.0444	0.04902	0.05331	0.06138	0.05766	0.04796	-															
56	Genus	sp18	0.04031	0.06477	0.05807	0.0584	0.05752	0.05929	0.03368	0.05293	0.05819	0.04997	0.05297	0.05816	0.05845	0.0762	0.06161	0.06009	0.03152	-														
57	Genus	sp19	0.05208	0.00566	0.04755	0.0716	0.05171	0.05049	0.06177	0.0548	0.05267	0.03931	0.04849	0.05136	0.04344	0.06852	0.01359	0.0507	0.05842	0.06446	-													
58	Genus	sp20	0.04137	0.04985	0.042	0.05736	0.01746	0.01498	0.05399	0.05066	0.04668	0.03703	0.04211	0.019	0.04055	0.03106	0.04827	0.04585	0.04671	0.05654	0.05074	-												
59	Genus	sp21	0.05208	0.0152	0.04539	0.0691	0.05073	0.04966	0.06505	0.05248	0.04888	0.0382	0.04415	0.05328	0.04252	0.06764	0.0115	0.04878	0.06	0.06378	0.01589	0.05006	-											
60	Genus	sp22	0.05205	0.01743	0.04794	0.07058	0.05185	0.05147	0.06527	0.05474	0.05249	0.04112	0.04776	0.05395	0.04518	0.06788	0.01495	0.05049	0.06162	0.06832	0.01794	0.05035	0.00571	-										
61	Genus	sp23	0.04464	0.0402	0.04204	0.05898	0.04256	0.03909	0.05449	0.04539	0.04422	0.01598	0.03957	0.04316	0.02423	0.06025	0.03669	0.04487	0.05195	0.05823	0.04298	0.04006	0.04022	0.04222	-									
62	Genus	sp24	0.04311	0.04991	0.04552	0.05982	0.02116	0.0175	0.06053	0.05091	0.049	0.03983	0.04445	0.02126	0.04308	0.03636	0.04789	0.04903	0.05206	0.05935	0.05201	0.01842	0.05112	0.05192	0.04046	-								
63	Genus	sp25	0.04498	0.04135	0.04173	0.06123	0.04584	0.04055	0.04937	0.04656	0.04612	0.01662	0.04203	0.04494	0.02486	0.0599	0.0378	0.04495	0.04771	0.05942	0.04226	0.04174	0.04135	0.04383	0.00794	0.04433	-							
64	Genus	sp26	0.03954	0.06382	0.05605	0.05809	0.06319	0.0548	0.00204	0.05162	0.05775	0.05237	0.05334	0.05976	0.05709	0.07301	0.06208	0.05787	0.02788	0.03531	0.06402	0.05692	0.06602	0.06672	0.05617	0.06115	0.05219	-						
65	Genus	sp27	0.0504	0.04403	0.04392	0.06481	0.04862	0.0463	0.06027	0.05228	0.04845	0.02575	0.04325	0.05121	0.01875	0.06771	0.04109	0.0481	0.0582	0.06351	0.04631	0.04766	0.04507	0.04808	0.02795	0.04913	0.03	0.06206	-					
66	Genus	sp28	0.04355	0.05024	0.0467	0.06069	0.0207	0.0176	0.06173	0.05235	0.05061	0.04077	0.04595	0.01429	0.04359	0.03791	0.0491	0.05024	0.05023	0.06336	0.0509	0.0196	0.05159	0.05405	0.04376	0.01899	0.04517	0.06316	0.04942	-				
67	Genus	sp29	0.04389	0.05217	0.04552	0.05985	0.02079	0.01813	0.05839	0.05057	0.04857	0.04262	0.04533	0.01652	0.04358	0.03497	0.051	0.04688	0.04923	0.05867	0.05447	0.01767	0.05328	0.05213	0.04511	0.02118	0.0474	0.06114	0.0508	0.01846	-			
68	Genus	sp30	0.04324	0.05223	0.04223	0.05874	0.01742	0.01519	0.05501	0.05086	0.04628	0.0382	0.04301	0.01733	0.04231	0.03271	0.04925	0.04566	0.04537	0.05821	0.05231	0.01514	0.05155	0.05269	0.04192	0.01828	0.04237	0.05768	0.04822	0.01834	0.01761	-		
69	Genus	sp31	0.04117	0.05307	0.0426	0.06061	0.0193	0.01564	0.05523	0.05124	0.04675	0.04051	0.04348	0.01797	0.04321	0.03287	0.0497	0.04598	0.04418	0.05876	0.05308	0.01626	0.05109	0.05223	0.0425	0.01952	0.04301	0.05813	0.04841	0.0189	0.01877	0.00822	-	
